# Format: McCode with text headers
# URL: http://www.mccode.org
# Creator: McStas 2.4.1 - Jun. 26, 2017
# Instrument: Test_Lens.instr
# Ncount: 1000000
# Trace: no
# Gravitation: no
# Seed: 1544768940
# Directory: 1000AA5mLensOff022
# Param: lambda=10
# Param: position_PSD=8.2
# Param: r=1000
# Param: PHI=0.001
# Param: Delta_Rho=0.6
# Param: sigma_abs=0.5
# Date: Fri Dec 14 08:55:23 2018 (1544766923)
# type: array_1d(100)
# Source: Test_Lens (Test_Lens.instr)
# component: PSDrad002
# position: 0 0 0.222
# title: PSD monitor radial average
# Ncount: 1000000
# filename: psd02_av.dat
# statistics: X0=0.000447422; dX=0.000481449;
# signal: Min=6.0293e-048; Max=1.82701e-041; Mean=2.592e-043;
# values: 2.592e-041 1.83234e-041 9698
# xvar: r
# yvar: (I,I_err)
# xlabel: Radius [m]
# ylabel: Intensity/m^2
# xlimits: 5e-005 0.01005
# variables: r I I_err N
0.0001 6.397606176e-043 7.449908583e-043 2 
0.0002 1.827013684e-041 2.037700226e-041 4 
0.0003 9.266850887e-044 5.371283007e-044 8 
0.0004 1.220920384e-043 7.167271123e-044 11 
0.0005 6.951416173e-043 4.233670129e-043 12 
0.0006 2.347080714e-043 1.742930282e-043 7 
0.0007 2.635831503e-043 1.597186263e-043 14 
0.0008 9.630634461e-043 8.602011707e-043 17 
0.0009 5.508307342e-043 4.067682425e-043 10 
0.001 5.008703193e-043 3.267841273e-043 19 
0.0011 6.836445605e-043 4.986926886e-043 24 
0.0012 9.827178882e-044 4.562614696e-044 25 
0.0013 1.13775929e-042 8.416383121e-043 24 
0.0014 9.595147879e-044 4.849661196e-044 23 
0.0015 1.417078481e-043 9.648147316e-044 24 
0.0016 2.670374635e-043 1.711435156e-043 32 
0.0017 1.011743182e-043 7.262357116e-044 27 
0.0018 1.545285305e-044 5.239551687e-045 32 
0.0019 9.589585644e-043 9.723309076e-043 22 
0.002 9.403918046e-045 3.814975129e-045 45 
0.0021 2.190815114e-044 1.230917831e-044 35 
0.0022 4.236305823e-045 1.720814301e-045 34 
0.0023 2.619174355e-044 2.06748314e-044 51 
0.0024 3.324314967e-045 9.180060309e-046 41 
0.0025 2.741155763e-045 1.196046327e-045 46 
0.0026 1.968495888e-045 6.446918584e-046 40 
0.0027 2.304985235e-045 5.887192472e-046 50 
0.0028 1.440382569e-045 3.644577078e-046 60 
0.0029 1.55368416e-045 4.424140982e-046 53 
0.003 1.244500144e-045 3.189027858e-046 50 
0.0031 1.535698653e-045 4.043918767e-046 69 
0.0032 1.190977571e-045 3.257369174e-046 67 
0.0033 4.708128241e-046 9.449162057e-047 61 
0.0034 6.151179413e-046 1.177626678e-046 76 
0.0035 8.000637857e-046 1.89960929e-046 75 
0.0036 8.762902157e-046 1.730054531e-046 84 
0.0037 4.862300252e-046 1.049169793e-046 66 
0.0038 3.718473308e-046 7.55552578e-047 76 
0.0039 4.453291133e-046 7.735572986e-047 87 
0.004 3.375888658e-046 6.262397416e-047 73 
0.0041 3.709333003e-046 6.772492935e-047 93 
0.0042 2.900690569e-046 5.441567548e-047 79 
0.0043 2.621387241e-046 4.733329483e-047 82 
0.0044 1.574260717e-046 3.119300556e-047 76 
0.0045 1.736755136e-046 3.829024972e-047 75 
0.0046 1.225444612e-046 2.29736762e-047 75 
0.0047 1.485958528e-046 3.226251086e-047 86 
0.0048 1.724863528e-046 3.241401936e-047 103 
0.0049 1.535441109e-046 2.395731243e-047 106 
0.005 1.417870017e-046 2.373430181e-047 89 
0.0051 1.460467598e-046 2.525377755e-047 98 
0.0052 1.52951403e-046 2.314604694e-047 118 
0.0053 1.023485276e-046 1.505490402e-047 102 
0.0054 8.588398002e-047 1.283615705e-047 113 
0.0055 1.020439357e-046 1.538192041e-047 114 
0.0056 1.009542786e-046 1.453094418e-047 121 
0.0057 7.607680723e-047 1.124345489e-047 123 
0.0058 7.797158305e-047 1.066245825e-047 122 
0.0059 5.197492543e-047 8.472681046e-048 99 
0.006 6.35629187e-047 8.695979389e-048 121 
0.0061 5.013200051e-047 7.294683432e-048 110 
0.0062 4.955543542e-047 6.930309269e-048 121 
0.0063 3.875473598e-047 6.15553496e-048 108 
0.0064 5.584672229e-047 7.334870262e-048 126 
0.0065 4.145252194e-047 5.477290396e-048 141 
0.0066 3.836188824e-047 5.134067847e-048 120 
0.0067 4.170868062e-047 5.381528067e-048 136 
0.0068 3.357484424e-047 4.388734666e-048 134 
0.0069 2.742526418e-047 3.849528168e-048 117 
0.007 2.512431223e-047 3.614399469e-048 111 
0.0071 2.203335114e-047 2.978749646e-048 115 
0.0072 2.325767602e-047 2.986169755e-048 131 
0.0073 2.231722286e-047 3.035014394e-048 150 
0.0074 2.607159402e-047 2.925035491e-048 155 
0.0075 2.47048994e-047 3.467656133e-048 150 
0.0076 2.318252475e-047 2.735477716e-048 177 
0.0077 1.996952469e-047 2.527663455e-048 133 
0.0078 1.817552578e-047 2.255915815e-048 135 
0.0079 1.810533741e-047 2.130707156e-048 141 
0.008 1.697134941e-047 2.040824529e-048 151 
0.0081 1.541282537e-047 1.865999545e-048 156 
0.0082 1.356691469e-047 1.510112805e-048 157 
0.0083 1.603376272e-047 1.788198626e-048 156 
0.0084 1.635583031e-047 1.77326965e-048 172 
0.0085 1.244565734e-047 1.430701866e-048 161 
0.0086 1.494537059e-047 1.55304539e-048 182 
0.0087 1.283121977e-047 1.486010612e-048 162 
0.0088 1.07681191e-047 1.168945169e-048 168 
0.0089 1.110518276e-047 1.194858568e-048 161 
0.009 1.158289874e-047 1.185134827e-048 193 
0.0091 1.084181866e-047 1.154427681e-048 182 
0.0092 9.379898216e-048 1.01318081e-048 183 
0.0093 8.290824292e-048 9.372515952e-049 163 
0.0094 9.411774411e-048 9.9919775e-049 176 
0.0095 8.962788638e-048 8.855793583e-049 198 
0.0096 7.008910401e-048 7.809281845e-049 158 
0.0097 6.540238458e-048 7.339997759e-049 173 
0.0098 7.853645414e-048 7.734953214e-049 206 
0.0099 6.543737492e-048 6.362942604e-049 192 
0.01 6.029300971e-048 6.651768182e-049 166 
