# Format: McCode with text headers
# URL: http://www.mccode.org
# Creator: McStas 2.4.1 - Jun. 26, 2017
# Instrument: Test_Lens.instr
# Ncount: 10000000
# Trace: no
# Gravitation: no
# Seed: 1544735701
# Directory: 1000AAWithLens8_9m(4)
# Param: lambda=10
# Param: position_PSD=8.2
# Param: r=1000
# Param: PHI=0.001
# Param: Delta_Rho=0.6
# Param: sigma_abs=0.5
# Date: Thu Dec 13 21:43:01 2018 (1544726581)
# type: array_1d(100)
# Source: Test_Lens (Test_Lens.instr)
# component: PSDrad
# position: 0 0 18.4108
# title: PSD monitor radial sum
# Ncount: 10000000
# filename: psd2.dat
# statistics: X0=0.00602968; dX=0.00738224;
# signal: Min=4.08188e-057; Max=2.42814e-049; Mean=1.25458e-050;
# values: 1.25458e-048 1.3988e-050 564727
# xvar: r
# yvar: (I,I_err)
# xlabel: Radius [m]
# ylabel: Intensity
# xlimits: 0.0005 0.1005
# variables: r I I_err N
0.001 2.532467725e-050 2.030791982e-051 1292 
0.002 7.954904851e-050 3.715454817e-051 3763 
0.003 1.245766442e-049 4.442941629e-051 6175 
0.004 1.783894021e-049 5.40799496e-051 8278 
0.005 2.179779812e-049 5.931876469e-051 10000 
0.006 2.428141003e-049 6.269906051e-051 10838 
0.007 2.011794573e-049 5.545856074e-051 11010 
0.008 1.160959493e-049 4.100280996e-051 10499 
0.009 4.796704311e-050 2.472152335e-051 9913 
0.01 8.534786108e-051 6.918585676e-052 9024 
0.011 1.091976965e-051 1.126433014e-052 8602 
0.012 9.852356008e-053 1.104105243e-053 7650 
0.013 1.300220239e-053 1.622180443e-054 6892 
0.014 1.371337207e-054 1.483254934e-055 6064 
0.015 2.239434066e-055 2.465478712e-056 5728 
0.016 3.854024081e-056 4.854751559e-057 5021 
0.017 7.888777336e-057 6.554197857e-058 4533 
0.018 4.081879435e-057 3.44737999e-058 4073 
0.019 5.313039325e-057 4.720963544e-058 4057 
0.02 1.189564768e-056 8.19587377e-058 4679 
0.021 2.617060227e-056 1.261840371e-057 5906 
0.022 5.714720516e-056 9.385189025e-057 7936 
0.023 6.338208663e-056 6.060069574e-057 9095 
0.024 6.064873145e-056 1.773057925e-057 9885 
0.025 5.875154465e-056 1.683256103e-057 10600 
0.026 4.339765789e-054 4.282361614e-054 10943 
0.027 9.326866547e-056 3.707914925e-056 11204 
0.028 5.318402457e-056 1.433267118e-057 11357 
0.029 4.996581833e-056 1.350536171e-057 11208 
0.03 4.373083108e-056 1.237577573e-057 10803 
0.031 1.066963188e-054 7.675379007e-055 10067 
0.032 3.290229342e-056 1.005321662e-057 8897 
0.033 2.229554375e-056 7.54976003e-058 7420 
0.034 1.306179315e-056 5.628852182e-058 5378 
0.035 9.556907017e-054 6.755476113e-054 3287 
0.036 2.230032921e-053 1.577165202e-053 2402 
0.037 1.739936553e-053 1.235412972e-053 2208 
0.038 6.267144067e-053 2.801233312e-053 2437 
0.039 7.504627107e-053 2.672481329e-053 3034 
0.04 5.189896679e-053 2.260724977e-053 3590 
0.041 1.122392926e-053 8.031852095e-054 4397 
0.042 5.613599892e-053 2.05631677e-053 5651 
0.043 6.260946432e-053 2.467744334e-053 6986 
0.044 5.799874778e-053 2.508744025e-053 8769 
0.045 6.279039329e-053 2.208784587e-053 9838 
0.046 5.897086839e-053 2.056696668e-053 10661 
0.047 8.553334848e-053 2.628081637e-053 11436 
0.048 6.681114582e-053 2.7401317e-053 11783 
0.049 6.888682976e-053 2.941576754e-053 11937 
0.05 8.718087151e-053 2.6624679e-053 12106 
0.051 8.108741756e-053 2.948489903e-053 12359 
0.052 2.500834778e-053 1.597255663e-053 12380 
0.053 9.947646213e-053 2.959816573e-053 12353 
0.054 7.496424494e-053 2.37043622e-053 11781 
0.055 4.277548714e-053 1.984694494e-053 11170 
0.056 5.844466793e-053 2.054148771e-053 10492 
0.057 8.7855528e-053 2.927575656e-053 9918 
0.058 7.202060591e-053 2.318635415e-053 9946 
0.059 7.863917184e-053 2.930120472e-053 10268 
0.06 7.394718505e-053 2.352552259e-053 10383 
0.061 7.61117551e-053 2.620601065e-053 10210 
0.062 1.155319024e-052 3.471370633e-053 9769 
0.063 9.713179775e-053 2.865958435e-053 9092 
0.064 1.02359004e-052 3.261892141e-053 8373 
0.065 1.39549406e-052 3.837164272e-053 7112 
0.066 9.940142947e-053 2.937260314e-053 5990 
0.067 1.642230785e-052 3.98267396e-053 4814 
0.068 8.810152228e-053 2.706628476e-053 4033 
0.069 1.499377192e-052 3.870031171e-053 3121 
0.07 1.156868358e-052 3.228021792e-053 2100 
0.071 1.550297382e-052 3.584907985e-053 1293 
0.072 1.200901246e-052 3.10703732e-053 549 
0.073 1.943436885e-052 3.984658014e-053 179 
0.074 1.220712683e-052 3.164827323e-053 47 
0.075 2.036684808e-052 4.49346714e-053 30 
0.076 1.487657992e-052 3.971241328e-053 21 
0.077 1.924917978e-052 4.253444232e-053 32 
0.078 2.221890392e-052 4.907263732e-053 34 
0.079 2.01537716e-052 4.401670541e-053 33 
0.08 1.47894255e-052 3.549116358e-053 31 
0.081 2.815108229e-052 4.956858e-053 49 
0.082 1.929071969e-052 4.391177657e-053 114 
0.083 2.253091878e-052 4.722387545e-053 185 
0.084 3.380351733e-052 5.271149322e-053 263 
0.085 2.518537407e-052 4.521094483e-053 243 
0.086 2.483952018e-052 4.897811615e-053 220 
0.087 3.371807399e-052 5.83290272e-053 234 
0.088 2.576174575e-052 4.673169835e-053 276 
0.089 3.224055692e-052 5.163186419e-053 297 
0.09 4.473789007e-052 6.722984305e-053 336 
0.091 4.745055683e-052 6.467360035e-053 368 
0.092 2.923283977e-052 5.347266628e-053 317 
0.093 3.66801651e-052 5.897055925e-053 311 
0.094 3.157232662e-052 5.060162417e-053 276 
0.095 4.518140062e-052 6.365512739e-053 341 
0.096 3.266347253e-052 5.783039424e-053 488 
0.097 3.678253554e-052 5.8532766e-053 679 
0.098 3.903790389e-052 6.042177609e-053 851 
0.099 3.51790719e-052 6.139972252e-053 880 
0.1 3.096203446e-052 5.519611064e-053 774 
