# Format: McCode with text headers
# URL: http://www.mccode.org
# Creator: McStas 2.4.1 - Jun. 26, 2017
# Instrument: Test_Lens.instr
# Ncount: 1000000
# Trace: no
# Gravitation: no
# Seed: 1544766245
# Directory: 1000AA5mLensOn
# Param: lambda=10
# Param: position_PSD=8.2
# Param: r=1000
# Param: PHI=0.001
# Param: Delta_Rho=0.6
# Param: sigma_abs=0.5
# Date: Fri Dec 14 08:40:25 2018 (1544766025)
# type: array_1d(100)
# Source: Test_Lens (Test_Lens.instr)
# component: PSDrad1
# position: 0 0 10.6108
# title: PSD monitor radial sum
# Ncount: 1000000
# filename: psd1.dat
# statistics: X0=0.00135798; dX=0.00051402;
# signal: Min=0; Max=1.74014e-049; Mean=4.50885e-051;
# values: 4.50885e-049 1.58617e-050 58821
# xvar: r
# yvar: (I,I_err)
# xlabel: Radius [m]
# ylabel: Intensity
# xlimits: 0.00025 0.05025
# variables: r I I_err N
0.0005 5.014081189e-050 5.467534451e-051 376 
0.001 1.332853459e-049 8.597007691e-051 1077 
0.0015 1.740140556e-049 1.026822243e-050 1487 
0.002 8.279346782e-050 6.403175951e-051 1613 
0.0025 1.002800057e-050 1.238765427e-051 1500 
0.003 5.756819869e-052 9.837205085e-053 1367 
0.0035 3.082339536e-053 5.382874242e-054 1250 
0.004 2.477135826e-054 4.498704937e-055 1191 
0.0045 1.887501564e-055 2.436873934e-056 1153 
0.005 1.010731672e-056 1.148259127e-057 1041 
0.0055 1.806739052e-057 3.094533436e-058 882 
0.006 3.798846905e-058 1.131196957e-058 754 
0.0065 1.658357412e-057 5.905462958e-058 584 
0.007 4.327516554e-057 1.162503696e-057 419 
0.0075 6.89903114e-057 1.922729645e-057 541 
0.008 6.19023229e-056 6.825844796e-057 1171 
0.0085 1.508365532e-055 9.894541338e-057 2207 
0.009 1.739880252e-055 9.872753165e-057 2664 
0.0095 1.746125372e-055 9.530060497e-057 2633 
0.01 1.670851179e-055 9.269720018e-057 2395 
0.0105 1.181792317e-055 7.87101197e-057 1644 
0.011 4.438279673e-056 4.590237966e-057 671 
0.0115 5.084023821e-058 3.160143398e-058 176 
0.012 6.146985095e-061 1.757471592e-061 169 
0.0125 1.767411028e-060 4.284981e-061 224 
0.013 3.578751481e-060 6.86202371e-061 257 
0.0135 3.684306e-060 6.526355726e-061 327 
0.014 8.238165393e-060 2.02749825e-060 421 
0.0145 5.715455608e-058 5.314429428e-058 675 
0.015 3.589072025e-059 4.729091999e-060 924 
0.0155 6.033540897e-059 5.956200771e-060 1361 
0.016 4.214925973e-058 3.223160576e-059 1973 
0.0165 7.829549803e-058 4.226345659e-059 2377 
0.017 8.693780423e-058 4.285637952e-059 2383 
0.0175 9.027034817e-058 4.335431174e-059 2185 
0.018 6.927536512e-058 3.678929759e-059 1740 
0.0185 4.563338937e-058 2.834945935e-059 1293 
0.019 5.491250644e-059 7.501410576e-060 1020 
0.0195 1.209008573e-059 7.679297615e-061 1073 
0.02 1.719846488e-059 8.714103419e-061 1319 
0.0205 2.621359247e-059 1.173982327e-060 1392 
0.021 5.025459735e-059 2.606082233e-060 1573 
0.0215 1.324898812e-058 7.245877403e-060 1620 
0.022 1.945964316e-058 9.358302426e-060 1552 
0.0225 1.996562067e-058 9.584323411e-060 1327 
0.023 1.938046463e-058 9.359766616e-060 1012 
0.0235 8.439470211e-054 8.445848078e-054 648 
0.024 7.811137649e-059 6.044479668e-060 295 
0.0245 1.574063189e-059 2.657845505e-060 67 
0.025 4.141293999e-057 4.29725261e-057 13 
0.0255 3.048629258e-059 3.101712e-059 15 
0.026 5.163065215e-060 4.086799772e-060 31 
0.0265 3.972672902e-060 4.473332933e-061 91 
0.027 2.918052977e-060 3.369859868e-061 87 
0.0275 2.73868352e-060 9.886805409e-061 60 
0.028 1.478774111e-060 2.238066996e-061 51 
0.0285 9.007271952e-061 1.652226332e-061 34 
0.029 7.898336279e-061 1.649726812e-061 27 
0.0295 5.492428849e-061 1.30074776e-061 22 
0.03 3.006935782e-061 9.826385306e-062 10 
0.0305 4.273319826e-061 1.068748311e-061 19 
0.031 6.238929913e-062 3.406192354e-062 4 
0.0315 6.19631571e-062 4.998688122e-062 2 
0.032 8.824855936e-061 8.824855936e-061 1 
0.0325 6.371911423e-061 6.723674063e-061 8 
0.033 8.78926826e-059 8.637336608e-059 32 
0.0335 9.46110016e-063 2.524943851e-063 16 
0.034 1.104144579e-062 2.901779866e-063 19 
0.0345 7.425903979e-062 4.850984019e-062 29 
0.035 3.579763152e-058 3.67777264e-058 18 
0.0355 1.128037229e-062 3.233071515e-063 18 
0.036 3.797729325e-058 3.881983044e-058 22 
0.0365 1.774105524e-059 1.830599951e-059 12 
0.037 8.172340187e-063 3.143674617e-063 12 
0.0375 7.522778909e-062 7.550691353e-062 9 
0.038 2.388348982e-056 2.453764169e-056 18 
0.0385 2.820813647e-059 2.87864482e-059 23 
0.039 1.341615593e-062 5.371753336e-063 11 
0.0395 1.918844522e-058 1.48198916e-058 11 
0.04 2.075094977e-054 2.396113279e-054 3 
0.0405 6.001328137e-059 6.705309338e-059 4 
0.041 4.442519369e-063 2.406997615e-063 8 
0.0415 1.156866134e-055 1.236192847e-055 7 
0.042 4.520331682e-063 2.144783596e-063 6 
0.0425 2.256591996e-059 2.410252029e-059 5 
0.043 1.673131545e-058 1.931453585e-058 3 
0.0435 2.534394806e-061 2.73665649e-061 3 
0.044 6.073193767e-061 6.368997295e-061 6 
0.0445 1.265452445e-062 6.209000173e-063 7 
0.045 6.669244775e-056 7.456441497e-056 4 
0.0455 2.668404582e-055 2.983367004e-055 4 
0.046 8.196577982e-061 8.597462999e-061 9 
0.0465 1.659001918e-061 1.895529542e-061 3 
0.047 1.607862838e-063 1.119906397e-063 3 
0.0475 1.831541373e-054 1.824356976e-054 5 
0.048 0 0 0 
0.0485 2.909739093e-055 3.086437142e-055 7 
0.049 2.342475513e-063 1.470952908e-063 3 
0.0495 3.215045107e-063 3.215045107e-063 1 
0.05 2.068325419e-059 2.013652164e-059 2 
