# Format: McCode with text headers
# URL: http://www.mccode.org
# Creator: McStas 2.4.1 - Jun. 26, 2017
# Instrument: Test_Lens.instr
# Ncount: 100000000
# Trace: no
# Gravitation: no
# Seed: 1544726431
# Directory: 1000AAWithLens8_9m(3)
# Param: lambda=10
# Param: position_PSD=8.2
# Param: r=1000
# Param: PHI=0.001
# Param: Delta_Rho=0.6
# Param: sigma_abs=0.5
# Date: Thu Dec 13 21:39:42 2018 (1544726382)
# type: array_1d(100)
# Source: Test_Lens (Test_Lens.instr)
# component: PSDrad
# position: 0 0 24.3108
# title: PSD monitor radial average
# Ncount: 100000000
# filename: psd2_av.dat
# statistics: X0=0.00714393; dX=0.0101304;
# signal: Min=6.15533e-054; Max=5.84297e-046; Mean=4.9007e-047;
# values: 4.9007e-045 3.37993e-047 5.82345e+006
# xvar: r
# yvar: (I,I_err)
# xlabel: Radius [m]
# ylabel: Intensity/m^2
# xlimits: 0.0005 0.1005
# variables: r I I_err N
0.001 5.613669485e-046 2.494352831e-047 37244 
0.002 5.842967918e-046 1.446828781e-047 101348 
0.003 5.609589665e-046 1.074097368e-047 101955 
0.004 5.142014916e-046 8.38793336e-048 73534 
0.005 4.615556312e-046 6.696652865e-048 83370 
0.006 4.091472581e-046 5.419694752e-048 108172 
0.007 3.604180667e-046 4.411095069e-048 138839 
0.008 2.90560973e-046 3.407961912e-048 163670 
0.009 2.452297807e-046 2.698720965e-048 173777 
0.01 1.97659061e-046 2.079307095e-048 170991 
0.011 1.600886955e-046 1.605984314e-048 165935 
0.012 1.225129098e-046 1.191097148e-048 165644 
0.013 9.448011177e-047 8.883703045e-049 177917 
0.014 6.843675207e-047 6.338549769e-049 193664 
0.015 4.969939034e-047 4.489786636e-049 212511 
0.016 3.480821499e-047 3.114102892e-049 226111 
0.017 2.472713179e-047 2.168651992e-049 223592 
0.018 1.682458603e-047 1.448047655e-049 210081 
0.019 1.114921271e-047 9.610752257e-050 194394 
0.02 7.499575431e-048 6.328053132e-050 179269 
0.021 4.838341087e-048 4.05457481e-050 162593 
0.022 3.091763464e-048 2.57839202e-050 146244 
0.023 1.944295706e-048 1.601173058e-050 132907 
0.024 1.208726085e-048 9.941945404e-051 120645 
0.025 7.448866038e-049 6.10432561e-051 118904 
0.026 4.400705643e-049 3.587320956e-051 119053 
0.027 2.633664762e-049 2.14540304e-051 119581 
0.028 1.53385721e-049 1.262142672e-051 117174 
0.029 8.915890534e-050 7.26617712e-052 115170 
0.03 5.149779289e-050 5.052792594e-052 107968 
0.031 2.91706653e-050 3.051621002e-052 94531 
0.032 1.618087151e-050 1.591466465e-052 79436 
0.033 9.321060392e-051 2.731184645e-052 65002 
0.034 4.941676914e-051 3.999007518e-053 54587 
0.035 2.708539505e-051 2.387420432e-053 52458 
0.036 1.86898643e-051 2.090474602e-052 51986 
0.037 9.082091894e-052 9.659462488e-053 51519 
0.038 4.285206923e-052 5.343104615e-054 51086 
0.039 2.906195125e-052 6.62018849e-053 48970 
0.04 5.815465629e-052 2.728631211e-052 46609 
0.041 1.89041621e-052 1.172878599e-052 43521 
0.042 3.675935156e-052 1.879931465e-052 40382 
0.043 2.081941958e-053 2.659297416e-054 38317 
0.044 2.403203926e-052 1.713091386e-052 38327 
0.045 1.789612289e-052 1.254445153e-052 37964 
0.046 6.155325563e-054 3.271233771e-054 37720 
0.047 1.995337045e-052 1.445255515e-052 37505 
0.048 4.972133013e-053 2.724709035e-053 37625 
0.049 3.943636421e-053 3.073172674e-053 37464 
0.05 9.869767598e-053 5.565409823e-053 36975 
0.051 1.448036352e-052 1.029602953e-052 36768 
0.052 1.169057461e-052 1.093223292e-052 36852 
0.053 6.800348143e-053 6.565063814e-053 36676 
0.054 2.818381574e-052 2.254865395e-052 36445 
0.055 3.384030572e-052 1.726480172e-052 34781 
0.056 5.455864356e-053 4.068904261e-053 29791 
0.057 3.46960098e-052 1.629443868e-052 22392 
0.058 1.107185984e-052 9.480422086e-053 14665 
0.059 9.210025201e-053 6.171696815e-053 8153 
0.06 5.617749744e-053 3.735810563e-053 5796 
0.061 1.613986934e-052 1.114677571e-052 5621 
0.062 3.632361193e-052 1.860208841e-052 5516 
0.063 7.230339944e-053 5.423842636e-053 5465 
0.064 3.977721731e-052 2.401007113e-052 5268 
0.065 3.100828489e-049 9.044342404e-050 5265 
0.066 1.231164952e-047 5.785325213e-049 5618 
0.067 2.416538815e-047 7.851535869e-049 6211 
0.068 2.757115111e-047 8.200576354e-049 6336 
0.069 2.614685603e-047 7.785655444e-049 6214 
0.07 1.901257892e-047 6.442730807e-049 5883 
0.071 2.655057081e-048 2.330002415e-049 4871 
0.072 2.730672644e-052 1.385647445e-052 4699 
0.073 1.496802596e-052 9.751841691e-053 4577 
0.074 1.702111702e-052 1.113947369e-052 4579 
0.075 3.115498693e-052 1.773035849e-052 4458 
0.076 6.911113267e-053 5.603209493e-053 4323 
0.077 1.340125855e-052 1.147749791e-052 4384 
0.078 1.404484733e-052 6.770910439e-053 4724 
0.079 1.311259371e-053 8.599427443e-054 7051 
0.08 2.238323327e-052 1.073873822e-052 7056 
0.081 1.919841909e-052 1.128268589e-052 6736 
0.082 2.372486956e-052 1.264288819e-052 6883 
0.083 1.438165972e-052 7.150889704e-053 6396 
0.084 1.871381061e-052 9.762110148e-053 5983 
0.085 7.835582375e-053 5.926796774e-053 6211 
0.086 4.552043598e-052 1.854813393e-052 6453 
0.087 2.119767482e-053 1.042334433e-053 6386 
0.088 2.019646081e-052 9.000491252e-053 6732 
0.089 6.77443962e-053 3.923263937e-053 6952 
0.09 6.416385133e-053 3.191823787e-053 7139 
0.091 3.450987521e-052 1.415858892e-052 6872 
0.092 8.509235257e-053 3.906170692e-053 6781 
0.093 1.25982183e-052 7.120508407e-053 6384 
0.094 7.661889691e-053 5.415934206e-053 6020 
0.095 2.390107228e-052 1.25994977e-052 5588 
0.096 1.405562519e-052 6.310290406e-053 2912 
0.097 1.497295282e-052 6.280190654e-053 2200 
0.098 1.807992493e-052 1.120167588e-052 2099 
0.099 1.64126822e-052 6.620183595e-053 2101 
0.1 2.309750941e-052 1.189181702e-052 1947 
