# Format: McCode with text headers
# URL: http://www.mccode.org
# Creator: McStas 2.4.1 - Jun. 26, 2017
# Instrument: Test_Lens.instr
# Ncount: 1000000
# Trace: no
# Gravitation: no
# Seed: 1544774756
# Directory: 100AA5mLensOn
# Param: lambda=10
# Param: position_PSD=8.2
# Param: r=100
# Param: PHI=0.001
# Param: Delta_Rho=0.6
# Param: sigma_abs=0.5
# Date: Fri Dec 14 08:39:33 2018 (1544765973)
# type: array_1d(100)
# Source: Test_Lens (Test_Lens.instr)
# component: PSDrad1
# position: 0 0 10.6108
# title: PSD monitor radial average
# Ncount: 1000000
# filename: psd1_av.dat
# statistics: X0=0.00107694; dX=0.000506869;
# signal: Min=0; Max=6.49396e-047; Mean=1.94571e-048;
# values: 1.94571e-046 8.34601e-048 58865
# xvar: r
# yvar: (I,I_err)
# xlabel: Radius [m]
# ylabel: Intensity/m^2
# xlimits: 0.00025 0.05025
# variables: r I I_err N
0.0005 6.138239244e-047 6.783503408e-048 395 
0.001 6.493958413e-047 3.823714824e-048 1123 
0.0015 4.712150005e-047 2.650448505e-048 1521 
0.002 1.929871725e-047 1.425486826e-048 1614 
0.0025 1.746697453e-048 2.60483369e-049 1493 
0.003 7.816641119e-050 9.642862672e-051 1361 
0.0035 2.678246537e-051 3.237061744e-052 1225 
0.004 2.76927401e-052 5.233340002e-053 1273 
0.0045 1.382338486e-053 1.77699977e-054 1177 
0.005 1.306342972e-054 2.868569557e-055 1053 
0.0055 1.555479188e-055 1.773386008e-056 905 
0.006 6.167071794e-056 2.969425917e-056 727 
0.0065 1.273414585e-055 3.827099567e-056 541 
0.007 2.27304973e-055 6.943132445e-056 418 
0.0075 1.022140894e-054 1.921781574e-055 562 
0.008 3.506834724e-054 3.744441752e-055 1181 
0.0085 9.010493503e-054 5.77051039e-055 2096 
0.009 1.094538229e-053 6.127643771e-055 2593 
0.0095 1.02811739e-053 5.535644594e-055 2680 
0.01 9.480649268e-054 5.391817124e-055 2337 
0.0105 7.122314357e-054 4.494814046e-055 1719 
0.011 5.578606299e-054 3.278440328e-054 717 
0.0115 6.678321255e-056 2.559181909e-056 165 
0.012 1.967197497e-052 1.973185141e-052 164 
0.0125 1.398570876e-058 2.43917156e-059 218 
0.013 2.275574692e-058 3.479537347e-059 265 
0.0135 3.941234373e-058 4.956475176e-059 314 
0.014 4.727119454e-057 4.241660707e-057 421 
0.0145 2.598596872e-057 7.375482209e-058 627 
0.015 3.920301991e-055 3.902153169e-055 947 
0.0155 3.385584297e-052 3.386775851e-052 1378 
0.016 2.017219946e-056 1.38383744e-057 1897 
0.0165 4.224738378e-056 2.180428958e-057 2318 
0.017 4.510305362e-056 2.207935468e-057 2365 
0.0175 7.801497571e-053 7.799095816e-053 2069 
0.018 3.858301622e-056 2.021619527e-057 1718 
0.0185 2.631638645e-056 1.595514567e-057 1295 
0.019 4.786899423e-057 6.665555101e-058 951 
0.0195 1.009057279e-057 5.255960333e-059 1155 
0.02 4.906095711e-057 2.722151081e-057 1333 
0.0205 2.169575676e-057 2.547044663e-058 1447 
0.021 3.71084719e-057 1.63818004e-058 1572 
0.0215 8.310388066e-057 4.007103954e-058 1689 
0.022 1.230086743e-056 5.236119712e-058 1583 
0.0225 1.044150658e-052 1.044403189e-052 1362 
0.023 5.378830125e-056 4.164608002e-056 1024 
0.0235 2.213472362e-053 2.21429651e-053 645 
0.024 6.25802149e-057 4.251696079e-058 321 
0.0245 9.010174416e-058 1.609953301e-058 61 
0.025 1.087047503e-058 3.833427778e-059 20 
0.0255 5.369824533e-059 1.413589403e-059 16 
0.026 1.198864232e-058 2.345267054e-059 32 
0.0265 4.911586255e-058 5.256211605e-059 107 
0.027 4.610731512e-055 4.636164714e-055 80 
0.0275 2.19506708e-058 3.084303187e-059 59 
0.028 1.667270736e-058 2.663711924e-059 45 
0.0285 5.671236817e-058 4.264361386e-058 41 
0.029 9.831892878e-059 1.97421581e-059 28 
0.0295 6.797280489e-059 1.581753195e-059 21 
0.03 5.443497759e-059 1.446392059e-059 16 
0.0305 6.605991238e-059 1.498850992e-059 22 
0.031 1.184333219e-058 7.401570478e-059 16 
0.0315 4.653813653e-059 4.653813653e-059 1 
0.032 0 0 0 
0.0325 5.754058141e-061 1.740698126e-061 13 
0.033 1.46653313e-060 8.566706218e-061 16 
0.0335 5.058466617e-054 5.183371758e-054 20 
0.034 4.079524623e-057 4.10560029e-057 21 
0.0345 8.777883099e-061 2.128735082e-061 21 
0.035 1.281694067e-054 1.318831238e-054 17 
0.0355 1.178612836e-060 2.87210762e-061 23 
0.036 6.3443827e-054 6.528300953e-054 17 
0.0365 2.380152923e-060 1.503046198e-060 15 
0.037 1.927164315e-059 1.496707942e-059 17 
0.0375 1.369151525e-060 3.548524847e-061 28 
0.038 4.360792559e-056 4.525344045e-056 13 
0.0385 2.786600045e-053 2.89074485e-053 13 
0.039 7.994782437e-061 3.873729384e-061 9 
0.0395 2.418225163e-061 1.512996321e-061 5 
0.04 1.361952433e-058 1.422222042e-058 10 
0.0405 2.73407925e-061 2.494596062e-061 4 
0.041 8.480610161e-057 8.920528708e-057 9 
0.0415 4.488828551e-061 2.762409365e-061 4 
0.042 3.436190176e-053 3.67344164e-053 7 
0.0425 1.786035842e-054 2.187438196e-054 2 
0.043 3.13757948e-061 2.263715535e-061 3 
0.0435 1.78167851e-060 1.258783816e-060 5 
0.044 3.545243886e-054 4.093694883e-054 3 
0.0445 1.187219381e-058 1.32633395e-058 4 
0.045 7.825390542e-053 7.420991041e-053 3 
0.0455 7.715695371e-059 8.433598749e-059 5 
0.046 4.255696359e-057 3.71987714e-057 9 
0.0465 1.475275832e-061 7.68578021e-062 4 
0.047 3.022668928e-061 2.950086223e-061 2 
0.0475 9.740395085e-062 7.175254606e-062 2 
0.048 1.209728773e-055 1.352491079e-055 4 
0.0485 9.02176565e-058 9.576199366e-058 5 
0.049 3.361737273e-057 3.724280232e-057 3 
0.0495 5.352801776e-058 5.595812665e-058 5 
0.05 3.170287915e-056 3.470960618e-056 5 
